              precision    recall  f1-score   support

     label_0       1.00      1.00      1.00        13
     label_1       1.00      1.00      1.00        12
     label_2       1.00      1.00      1.00        12
     label_3       1.00      1.00      1.00        11
     label_4       1.00      1.00      1.00         8
     label_5       1.00      1.00      1.00         8
     label_6       1.00      1.00      1.00         9
     label_7       1.00      1.00      1.00         7
     label_8       1.00      1.00      1.00         9
     label_9       1.00      1.00      1.00         9
    label_10       1.00      1.00      1.00         6
    label_11       1.00      1.00      1.00         7
    label_12       1.00      1.00      1.00         7
    label_13       1.00      1.00      1.00         7
    label_14       1.00      1.00      1.00         7
    label_15       1.00      1.00      1.00         7
    label_16       1.00      1.00      1.00         5
    label_17       1.00      1.00      1.00         4
    label_18       1.00      1.00      1.00         3
    label_19       1.00      1.00      1.00         3
    label_20       1.00      1.00      1.00         4
    label_21       1.00      1.00      1.00         4
    label_22       1.00      1.00      1.00         2
    label_23       1.00      1.00      1.00         6
    label_24       1.00      1.00      1.00         3
    label_25       1.00      1.00      1.00         4
    label_26       1.00      1.00      1.00         4
    label_27       1.00      1.00      1.00         2
    label_28       1.00      1.00      1.00         3
    label_29       1.00      1.00      1.00         4
    label_30       1.00      1.00      1.00         4
    label_31       1.00      1.00      1.00         3
    label_32       1.00      1.00      1.00         4
    label_33       1.00      1.00      1.00         2
    label_34       1.00      1.00      1.00         1
    label_35       1.00      1.00      1.00         2
    label_36       1.00      1.00      1.00         1
    label_37       1.00      1.00      1.00         3
    label_38       1.00      1.00      1.00         4
    label_39       1.00      1.00      1.00         4
    label_40       1.00      1.00      1.00         3
    label_41       1.00      1.00      1.00         2
    label_42       1.00      1.00      1.00         2
    label_43       1.00      1.00      1.00         2
    label_44       1.00      1.00      1.00         2
    label_45       1.00      1.00      1.00         2
    label_46       1.00      1.00      1.00         4
    label_47       1.00      1.00      1.00         2
    label_48       1.00      1.00      1.00         3
    label_49       1.00      1.00      1.00         2
    label_50       1.00      1.00      1.00         3
    label_51       1.00      1.00      1.00         2
    label_52       1.00      1.00      1.00         3
    label_53       0.00      0.00      0.00         0
    label_54       1.00      1.00      1.00         2
    label_55       0.00      0.00      0.00         0
    label_56       1.00      1.00      1.00         2
    label_57       1.00      1.00      1.00         2
    label_58       1.00      1.00      1.00         2
    label_59       1.00      1.00      1.00         3
    label_60       0.00      0.00      0.00         0
    label_61       1.00      1.00      1.00         1
    label_62       1.00      1.00      1.00         1
    label_63       1.00      1.00      1.00         1
    label_64       1.00      1.00      1.00         3
    label_65       1.00      1.00      1.00         2
    label_66       0.00      0.00      0.00         0
    label_67       1.00      1.00      1.00         2
    label_68       1.00      1.00      1.00         3
    label_69       1.00      1.00      1.00         1
    label_70       1.00      1.00      1.00         2
    label_71       1.00      1.00      1.00         2
    label_72       0.00      0.00      0.00         0
    label_73       1.00      1.00      1.00         3
    label_74       1.00      1.00      1.00         2
    label_75       1.00      1.00      1.00         2
    label_76       1.00      1.00      1.00         1
    label_77       1.00      1.00      1.00         2
    label_78       1.00      1.00      1.00         3
    label_79       1.00      1.00      1.00         2
    label_80       1.00      1.00      1.00         1
    label_81       1.00      1.00      1.00         2
    label_82       1.00      1.00      1.00         1
    label_83       0.00      0.00      0.00         0
    label_84       1.00      1.00      1.00         3
    label_85       1.00      1.00      1.00         2
    label_86       1.00      1.00      1.00         3
    label_87       1.00      1.00      1.00         2
    label_88       1.00      1.00      1.00         2
    label_89       1.00      1.00      1.00         1
    label_90       1.00      1.00      1.00         1
    label_91       1.00      1.00      1.00         2
    label_92       1.00      1.00      1.00         1
    label_93       1.00      1.00      1.00         2
    label_94       1.00      1.00      1.00         2
    label_95       1.00      1.00      1.00         2
    label_96       1.00      1.00      1.00         2
    label_97       1.00      1.00      1.00         3
    label_98       1.00      1.00      1.00         3
    label_99       1.00      1.00      1.00         1
   label_100       1.00      1.00      1.00         1
   label_101       0.00      0.00      0.00         0
   label_102       0.00      0.00      0.00         0
   label_103       0.00      0.00      0.00         0
   label_104       1.00      1.00      1.00         1
   label_105       1.00      1.00      1.00         2
   label_106       1.00      1.00      1.00         2
   label_107       1.00      1.00      1.00         1
   label_108       1.00      1.00      1.00         1
   label_109       0.00      0.00      0.00         0
   label_110       0.00      0.00      0.00         0
   label_111       0.00      0.00      0.00         0
   label_112       1.00      1.00      1.00         2
   label_113       1.00      1.00      1.00         2
   label_114       1.00      1.00      1.00         2
   label_115       1.00      1.00      1.00         2
   label_116       1.00      1.00      1.00         1
   label_117       1.00      1.00      1.00         4
   label_118       0.00      0.00      0.00         0
   label_119       1.00      1.00      1.00         1
   label_120       1.00      1.00      1.00         1
   label_121       0.00      0.00      0.00         0
   label_122       0.00      0.00      0.00         0
   label_123       0.00      0.00      0.00         0
   label_124       1.00      1.00      1.00         2
   label_125       1.00      1.00      1.00         2
   label_126       0.00      0.00      0.00         0
   label_127       0.00      0.00      0.00         0
   label_128       1.00      1.00      1.00         1
   label_129       0.00      0.00      0.00         0
   label_130       1.00      1.00      1.00         1
   label_131       0.00      0.00      0.00         0
   label_132       0.00      0.00      0.00         0
   label_133       1.00      1.00      1.00         1
   label_134       0.00      0.00      0.00         0
   label_135       0.00      0.00      0.00         0
   label_136       0.00      0.00      0.00         0
   label_137       1.00      1.00      1.00         1
   label_138       0.00      0.00      0.00         0
   label_139       0.00      0.00      0.00         0
   label_140       0.00      0.00      0.00         0
   label_141       1.00      1.00      1.00         1
   label_142       1.00      1.00      1.00         1
   label_143       1.00      1.00      1.00         1
   label_144       1.00      1.00      1.00         2
   label_145       0.00      0.00      0.00         0
   label_146       0.00      0.00      0.00         0
   label_147       0.00      0.00      0.00         0
   label_148       1.00      1.00      1.00         1
   label_149       0.00      0.00      0.00         0
   label_150       1.00      1.00      1.00         2
   label_151       1.00      1.00      1.00         1
   label_152       1.00      1.00      1.00         2
   label_153       1.00      1.00      1.00         2
   label_154       0.00      0.00      0.00         0
   label_155       1.00      1.00      1.00         2
   label_156       1.00      1.00      1.00         1
   label_157       1.00      1.00      1.00         1
   label_158       1.00      1.00      1.00         1
   label_159       1.00      1.00      1.00         3
   label_160       1.00      1.00      1.00         2
   label_161       1.00      1.00      1.00         2
   label_162       1.00      1.00      1.00         1
   label_163       0.00      0.00      0.00         0
   label_164       0.00      0.00      0.00         0
   label_165       1.00      1.00      1.00         1
   label_166       1.00      1.00      1.00         1
   label_167       1.00      1.00      1.00         1
   label_168       0.00      0.00      0.00         0
   label_169       1.00      1.00      1.00         1
   label_170       0.00      0.00      0.00         0
   label_171       0.00      0.00      0.00         0
   label_172       1.00      1.00      1.00         1
   label_173       0.00      0.00      0.00         0
   label_174       0.00      0.00      0.00         0
   label_175       1.00      1.00      1.00         2
   label_176       0.00      0.00      0.00         0
   label_177       1.00      1.00      1.00         1
   label_178       0.00      0.00      0.00         0
   label_179       0.00      0.00      0.00         0
   label_180       1.00      1.00      1.00         2
   label_181       1.00      1.00      1.00         1
   label_182       0.00      0.00      0.00         0
   label_183       0.00      0.00      0.00         0
   label_184       1.00      1.00      1.00         1
   label_185       0.00      0.00      0.00         0
   label_186       0.00      0.00      0.00         0
   label_187       0.00      0.00      0.00         0
   label_188       1.00      1.00      1.00         2
   label_189       1.00      1.00      1.00         1
   label_190       0.00      0.00      0.00         0
   label_191       0.00      0.00      0.00         0
   label_192       1.00      1.00      1.00         1
   label_193       1.00      1.00      1.00         1
   label_194       0.00      0.00      0.00         0
   label_195       0.00      0.00      0.00         0
   label_196       0.00      0.00      0.00         0
   label_197       1.00      1.00      1.00         1
   label_198       1.00      1.00      1.00         1
   label_199       1.00      1.00      1.00         2
   label_200       1.00      1.00      1.00         1
   label_201       1.00      1.00      1.00         2
   label_202       1.00      1.00      1.00         2
   label_203       0.00      0.00      0.00         0
   label_204       1.00      1.00      1.00         2
   label_205       1.00      1.00      1.00         1
   label_206       1.00      1.00      1.00         2
   label_207       0.00      0.00      0.00         0
   label_208       1.00      1.00      1.00         1
   label_209       1.00      1.00      1.00         1
   label_210       0.00      0.00      0.00         0
   label_211       1.00      1.00      1.00         1
   label_212       1.00      1.00      1.00         1
   label_213       1.00      1.00      1.00         1
   label_214       1.00      1.00      1.00         1
   label_215       0.00      0.00      0.00         0
   label_216       0.00      0.00      0.00         0
   label_217       1.00      1.00      1.00         1
   label_218       0.00      0.00      0.00         0
   label_219       1.00      1.00      1.00         1
   label_220       0.00      0.00      0.00         0
   label_221       1.00      1.00      1.00         1
   label_222       0.00      0.00      0.00         0
   label_223       0.00      0.00      0.00         0
   label_224       0.00      0.00      0.00         0
   label_225       1.00      1.00      1.00         1
   label_226       0.00      0.00      0.00         0
   label_227       0.00      0.00      0.00         0
   label_228       1.00      1.00      1.00         1
   label_229       1.00      1.00      1.00         1
   label_230       0.00      0.00      0.00         0
   label_231       0.00      0.00      0.00         0
   label_232       0.00      0.00      0.00         0
   label_233       0.00      0.00      0.00         0
   label_234       0.00      0.00      0.00         0
   label_235       0.00      0.00      0.00         0
   label_236       1.00      1.00      1.00         1
   label_237       0.00      0.00      0.00         0
   label_238       1.00      1.00      1.00         1
   label_239       1.00      1.00      1.00         1
   label_240       1.00      1.00      1.00         2
   label_241       1.00      1.00      1.00         1
   label_242       1.00      1.00      1.00         1
   label_243       1.00      1.00      1.00         1
   label_244       0.00      0.00      0.00         0
   label_245       0.00      0.00      0.00         0
   label_246       0.00      0.00      0.00         0
   label_247       0.00      0.00      0.00         0
   label_248       0.00      0.00      0.00         0
   label_249       0.00      0.00      0.00         0
   label_250       0.00      0.00      0.00         0
   label_251       0.00      0.00      0.00         0
   label_252       0.00      0.00      0.00         0
   label_253       1.00      1.00      1.00         1
   label_254       0.00      0.00      0.00         0
   label_255       1.00      1.00      1.00         3
   label_256       1.00      1.00      1.00         3
   label_257       1.00      1.00      1.00         1
   label_258       0.00      0.00      0.00         0
   label_259       0.00      0.00      0.00         0
   label_260       0.00      0.00      0.00         0
   label_261       0.00      0.00      0.00         0
   label_262       0.00      0.00      0.00         0
   label_263       1.00      1.00      1.00         1
   label_264       0.00      0.00      0.00         0
   label_265       0.00      0.00      0.00         0
   label_266       0.00      0.00      0.00         0
   label_267       0.00      0.00      0.00         0
   label_268       1.00      1.00      1.00         2
   label_269       0.00      0.00      0.00         0
   label_270       0.00      0.00      0.00         0
   label_271       1.00      1.00      1.00         1
   label_272       0.00      0.00      0.00         0
   label_273       0.00      0.00      0.00         0
   label_274       1.00      1.00      1.00         1
   label_275       1.00      1.00      1.00         2
   label_276       1.00      1.00      1.00         1
   label_277       1.00      1.00      1.00         2
   label_278       0.00      0.00      0.00         0
   label_279       0.00      0.00      0.00         0
   label_280       1.00      1.00      1.00         1
   label_281       0.00      0.00      0.00         0
   label_282       1.00      1.00      1.00         1
   label_283       1.00      1.00      1.00         1
   label_284       0.00      0.00      0.00         0
   label_285       0.00      0.00      0.00         0
   label_286       1.00      1.00      1.00         3
   label_287       0.00      0.00      0.00         0
   label_288       0.00      0.00      0.00         0
   label_289       0.00      0.00      0.00         0
   label_290       0.00      0.00      0.00         0
   label_291       0.00      0.00      0.00         0
   label_292       0.00      0.00      0.00         0
   label_293       0.00      0.00      0.00         0
   label_294       1.00      1.00      1.00         1
   label_295       0.00      0.00      0.00         0
   label_296       0.00      0.00      0.00         0
   label_297       1.00      1.00      1.00         1
   label_298       0.00      0.00      0.00         0
   label_299       0.00      0.00      0.00         0
   label_300       1.00      1.00      1.00         1
   label_301       0.00      0.00      0.00         0
   label_302       1.00      1.00      1.00         1
   label_303       0.00      0.00      0.00         0
   label_304       0.00      0.00      0.00         0
   label_305       1.00      1.00      1.00         2
   label_306       0.00      0.00      0.00         0
   label_307       0.00      0.00      0.00         0
   label_308       0.00      0.00      0.00         0
   label_309       0.00      0.00      0.00         0
   label_310       1.00      1.00      1.00         1
   label_311       1.00      1.00      1.00         1
   label_312       0.00      0.00      0.00         0
   label_313       0.00      0.00      0.00         0
   label_314       0.00      0.00      0.00         0
   label_315       0.00      0.00      0.00         0
   label_316       0.00      0.00      0.00         0
   label_317       0.00      0.00      0.00         0
   label_318       0.00      0.00      0.00         0
   label_319       0.00      0.00      0.00         0
   label_320       0.00      0.00      0.00         0
   label_321       0.00      0.00      0.00         0
   label_322       0.00      0.00      0.00         0
   label_323       0.00      0.00      0.00         0
   label_324       1.00      1.00      1.00         2
   label_325       0.00      0.00      0.00         0
   label_326       0.00      0.00      0.00         0
   label_327       1.00      1.00      1.00         1
   label_328       0.00      0.00      0.00         0
   label_329       0.00      0.00      0.00         0
   label_330       0.00      0.00      0.00         0
   label_331       0.00      0.00      0.00         0
   label_332       0.00      0.00      0.00         0
   label_333       1.00      1.00      1.00         1
   label_334       0.00      0.00      0.00         0
   label_335       0.00      0.00      0.00         0
   label_336       0.00      0.00      0.00         0
   label_337       0.00      0.00      0.00         0
   label_338       0.00      0.00      0.00         0
   label_339       0.00      0.00      0.00         0
   label_340       0.00      0.00      0.00         0
   label_341       0.00      0.00      0.00         0
   label_342       1.00      1.00      1.00         1
   label_343       1.00      1.00      1.00         1
   label_344       0.00      0.00      0.00         0
   label_345       0.00      0.00      0.00         0
   label_346       0.00      0.00      0.00         0
   label_347       1.00      1.00      1.00         1
   label_348       1.00      1.00      1.00         1
   label_349       0.00      0.00      0.00         0
   label_350       0.00      0.00      0.00         0
   label_351       0.00      0.00      0.00         0
   label_352       0.00      0.00      0.00         0
   label_353       0.00      0.00      0.00         0
   label_354       0.00      0.00      0.00         0
   label_355       0.00      0.00      0.00         0
   label_356       1.00      1.00      1.00         1
   label_357       0.00      0.00      0.00         0
   label_358       1.00      1.00      1.00         1
   label_359       0.00      0.00      0.00         0
   label_360       0.00      0.00      0.00         0
   label_361       0.00      0.00      0.00         0
   label_362       0.00      0.00      0.00         0
   label_363       0.00      0.00      0.00         0
   label_364       1.00      1.00      1.00         1
   label_365       0.00      0.00      0.00         0
   label_366       0.00      0.00      0.00         0
   label_367       1.00      1.00      1.00         2
   label_368       0.00      0.00      0.00         0
   label_369       1.00      1.00      1.00         2
   label_370       1.00      1.00      1.00         1
   label_371       0.00      0.00      0.00         0
   label_372       0.00      0.00      0.00         0
   label_373       1.00      1.00      1.00         2
   label_374       1.00      1.00      1.00         1
   label_375       1.00      1.00      1.00         1
   label_376       0.00      0.00      0.00         0
   label_377       1.00      1.00      1.00         1
   label_378       0.00      0.00      0.00         0
   label_379       1.00      1.00      1.00         2
   label_380       0.00      0.00      0.00         0
   label_381       0.00      0.00      0.00         0
   label_382       0.00      0.00      0.00         0
   label_383       0.00      0.00      0.00         0
   label_384       0.00      0.00      0.00         0
   label_385       0.00      0.00      0.00         0
   label_386       1.00      1.00      1.00         1
   label_387       0.00      0.00      0.00         0
   label_388       1.00      1.00      1.00         1
   label_389       0.00      0.00      0.00         0
   label_390       0.00      0.00      0.00         0
   label_391       0.00      0.00      0.00         0
   label_392       0.00      0.00      0.00         0
   label_393       0.00      0.00      0.00         0
   label_394       1.00      1.00      1.00         2
   label_395       0.00      0.00      0.00         0
   label_396       0.00      0.00      0.00         0
   label_397       0.00      0.00      0.00         0
   label_398       0.00      0.00      0.00         0
   label_399       0.00      0.00      0.00         0
   label_400       0.00      0.00      0.00         0
   label_401       1.00      1.00      1.00         1
   label_402       0.00      0.00      0.00         0
   label_403       0.00      0.00      0.00         0
   label_404       1.00      1.00      1.00         1
   label_405       1.00      1.00      1.00         1
   label_406       1.00      1.00      1.00         1
   label_407       0.00      0.00      0.00         0
   label_408       0.00      0.00      0.00         0
   label_409       0.00      0.00      0.00         0
   label_410       0.00      0.00      0.00         0
   label_411       0.00      0.00      0.00         0
   label_412       0.00      0.00      0.00         0
   label_413       0.00      0.00      0.00         0
   label_414       0.00      0.00      0.00         0
   label_415       1.00      1.00      1.00         2
   label_416       1.00      1.00      1.00         1
   label_417       0.00      0.00      0.00         0
   label_418       0.00      0.00      0.00         0
   label_419       1.00      1.00      1.00         1
   label_420       1.00      1.00      1.00         1
   label_421       0.00      0.00      0.00         0
   label_422       0.00      0.00      0.00         0
   label_423       0.00      0.00      0.00         0
   label_424       0.00      0.00      0.00         0
   label_425       1.00      1.00      1.00         1
   label_426       0.00      0.00      0.00         0
   label_427       0.00      0.00      0.00         0
   label_428       0.00      0.00      0.00         0
   label_429       0.00      0.00      0.00         0
   label_430       0.00      0.00      0.00         0
   label_431       0.00      0.00      0.00         0
   label_432       0.00      0.00      0.00         0
   label_433       0.00      0.00      0.00         0
   label_434       0.00      0.00      0.00         0
   label_435       0.00      0.00      0.00         0
   label_436       0.00      0.00      0.00         0
   label_437       0.00      0.00      0.00         0
   label_438       1.00      1.00      1.00         1
   label_439       1.00      1.00      1.00         1
   label_440       0.00      0.00      0.00         0
   label_441       0.00      0.00      0.00         0
   label_442       0.00      0.00      0.00         0
   label_443       1.00      1.00      1.00         1
   label_444       0.00      0.00      0.00         0
   label_445       0.00      0.00      0.00         0
   label_446       1.00      1.00      1.00         1
   label_447       1.00      1.00      1.00         2
   label_448       0.00      0.00      0.00         0
   label_449       1.00      1.00      1.00         1
   label_450       0.00      0.00      0.00         0
   label_451       0.00      0.00      0.00         0
   label_452       1.00      1.00      1.00         2
   label_453       1.00      1.00      1.00         1
   label_454       0.00      0.00      0.00         0
   label_455       1.00      1.00      1.00         1
   label_456       0.00      0.00      0.00         0
   label_457       0.00      0.00      0.00         0
   label_458       0.00      0.00      0.00         0
   label_459       0.00      0.00      0.00         0
   label_460       1.00      1.00      1.00         1
   label_461       0.00      0.00      0.00         0
   label_462       1.00      1.00      1.00         1
   label_463       0.00      0.00      0.00         0
   label_464       0.00      0.00      0.00         0
   label_465       0.00      0.00      0.00         0
   label_466       0.00      0.00      0.00         0
   label_467       0.00      0.00      0.00         0
   label_468       0.00      0.00      0.00         0
   label_469       0.00      0.00      0.00         0
   label_470       0.00      0.00      0.00         0
   label_471       0.00      0.00      0.00         0
   label_472       0.00      0.00      0.00         0
   label_473       0.00      0.00      0.00         0
   label_474       1.00      1.00      1.00         2
   label_475       0.00      0.00      0.00         0
   label_476       0.00      0.00      0.00         0
   label_477       0.00      0.00      0.00         0
   label_478       0.00      0.00      0.00         0
   label_479       0.00      0.00      0.00         0
   label_480       0.00      0.00      0.00         0
   label_481       0.00      0.00      0.00         0
   label_482       0.00      0.00      0.00         0
   label_483       0.00      0.00      0.00         0
   label_484       0.00      0.00      0.00         0
   label_485       0.00      0.00      0.00         0
   label_486       0.00      0.00      0.00         0
   label_487       0.00      0.00      0.00         0
   label_488       1.00      1.00      1.00         1
   label_489       0.00      0.00      0.00         0
   label_490       0.00      0.00      0.00         0
   label_491       0.00      0.00      0.00         0
   label_492       0.00      0.00      0.00         0
   label_493       0.00      0.00      0.00         0
   label_494       0.00      0.00      0.00         0
   label_495       0.00      0.00      0.00         0
   label_496       1.00      1.00      1.00         1
   label_497       0.00      0.00      0.00         0
   label_498       0.00      0.00      0.00         0
   label_499       0.00      0.00      0.00         0

   micro avg       1.00      1.00      1.00       524
   macro avg       0.48      0.48      0.48       524
weighted avg       1.00      1.00      1.00       524
 samples avg       1.00      1.00      1.00       524
