=== classification_report (saved full report) ===
              precision    recall  f1-score   support

     label_0       0.89      0.97      0.93       892
     label_1       0.56      0.90      0.69       521
     label_2       0.89      0.97      0.93       889
     label_3       0.60      0.96      0.74       594
     label_4       0.88      0.98      0.93       816
     label_5       0.44      0.86      0.58       385
     label_6       0.84      0.94      0.89       729
     label_7       0.83      0.95      0.89       714
     label_8       0.54      0.95      0.69       520
     label_9       0.82      0.90      0.86       674
    label_10       0.80      0.92      0.86       647
    label_11       0.83      0.90      0.86       656
    label_12       0.52      0.93      0.66       476
    label_13       0.42      0.73      0.53       285
    label_14       0.41      0.71      0.52       269
    label_15       0.38      0.71      0.50       242
    label_16       0.39      0.62      0.48       196
    label_17       0.42      0.72      0.53       235
    label_18       0.28      0.47      0.35       108
    label_19       0.75      0.88      0.81       388
    label_20       0.29      0.47      0.36        91
    label_21       0.43      0.76      0.55       223
    label_22       0.28      0.49      0.36        86
    label_23       0.58      0.61      0.60       244
    label_24       0.54      0.76      0.63       171
    label_25       0.39      0.76      0.52       203
    label_26       0.40      0.72      0.51       202
    label_27       0.30      0.48      0.37        67
    label_28       0.40      0.77      0.52       198
    label_29       0.60      0.68      0.64       148
    label_30       0.37      0.45      0.41       127
    label_31       0.38      0.58      0.46       175
    label_32       0.36      0.47      0.41       117
    label_33       0.32      0.56      0.41       165
    label_34       0.73      0.81      0.77       346
    label_35       0.38      0.73      0.50       162
    label_36       0.26      0.46      0.33        59
    label_37       0.39      0.57      0.46       159
    label_38       0.34      0.53      0.42       125
    label_39       0.62      0.71      0.66       135
    label_40       0.44      0.67      0.53       221
    label_41       0.70      0.69      0.69       209
    label_42       0.72      0.68      0.70       209
    label_43       0.75      0.86      0.80       339
    label_44       0.75      0.86      0.80       339
    label_45       0.75      0.86      0.80       339
    label_46       0.21      0.58      0.31       115
    label_47       0.26      0.58      0.36       142
    label_48       0.35      0.56      0.44       140
    label_49       0.36      0.59      0.44       139
    label_50       0.35      0.38      0.37       108
    label_51       0.43      0.68      0.53       145
    label_52       0.37      0.53      0.44       140
    label_53       0.25      0.51      0.33        84
    label_54       0.35      0.62      0.45       126
    label_55       0.36      0.50      0.42        88
    label_56       0.19      0.55      0.28        38
    label_57       0.76      0.93      0.84       317
    label_58       0.19      0.53      0.27        38
    label_59       0.66      0.57      0.61       143
    label_60       0.27      0.46      0.34        50
    label_61       0.29      0.65      0.40       147
    label_62       0.21      0.70      0.33        27
    label_63       0.30      0.67      0.41       147
    label_64       0.20      0.51      0.29       101
    label_65       0.50      0.39      0.44        99
    label_66       0.38      0.59      0.46        69
    label_67       0.35      0.65      0.45       113
    label_68       0.28      0.67      0.39        79
    label_69       0.18      0.36      0.24        45
    label_70       0.34      0.54      0.42       102
    label_71       0.44      0.41      0.42        93
    label_72       0.38      0.59      0.46        68
    label_73       0.40      0.74      0.52        91
    label_74       0.36      0.54      0.43        99
    label_75       0.46      0.41      0.43        95
    label_76       0.79      0.89      0.84       295
    label_77       0.37      0.63      0.47       100
    label_78       0.40      0.76      0.52        89
    label_79       0.20      0.42      0.27        62
    label_80       0.31      0.65      0.42       120
    label_81       0.35      0.56      0.43        96
    label_82       0.15      0.29      0.19        28
    label_83       0.28      0.42      0.34        60
    label_84       0.41      0.65      0.50        88
    label_85       0.53      0.77      0.63        71
    label_86       0.42      0.36      0.39        75
    label_87       0.35      0.60      0.45        91
    label_88       0.32      0.55      0.40        99
    label_89       0.39      0.66      0.49       103
    label_90       0.25      0.43      0.32        81
    label_91       0.34      0.49      0.40        82
    label_92       0.87      0.77      0.82        97
    label_93       0.35      0.58      0.44        81
    label_94       0.35      0.59      0.44        80
    label_95       0.35      0.59      0.44        79
    label_96       0.30      0.49      0.37        92
    label_97       0.33      0.42      0.36        65
    label_98       0.36      0.28      0.32       109
    label_99       0.26      0.26      0.26        23
   label_100       0.30      0.21      0.25        33
   label_101       0.14      0.59      0.23        29
   label_102       0.24      0.36      0.29        56
   label_103       0.23      0.34      0.28        56
   label_104       0.34      0.65      0.45        79
   label_105       0.28      0.40      0.33        67
   label_106       0.23      0.37      0.28        43
   label_107       0.53      0.60      0.57        68
   label_108       0.21      0.26      0.23        23
   label_109       0.17      0.49      0.25        37
   label_110       0.23      0.51      0.32        63
   label_111       0.30      0.50      0.37        78
   label_112       0.31      0.53      0.39        74
   label_113       0.17      0.38      0.24        76
   label_114       0.26      0.54      0.35        78
   label_115       0.56      0.76      0.64        51
   label_116       0.42      0.37      0.39        65
   label_117       0.24      0.40      0.30       121
   label_118       0.33      0.50      0.40        60
   label_119       0.21      0.34      0.26        58
   label_120       0.56      0.61      0.59        70
   label_121       0.34      0.40      0.37        58
   label_122       0.33      0.42      0.37        36
   label_123       0.34      0.37      0.36        57
   label_124       0.33      0.33      0.33        57
   label_125       0.25      0.30      0.27        70
   label_126       0.31      0.23      0.26        35
   label_127       0.24      0.41      0.30        44
   label_128       0.27      0.41      0.33        56
   label_129       0.24      0.40      0.30        45
   label_130       0.47      0.52      0.49        65
   label_131       0.26      0.54      0.35        41
   label_132       0.44      0.64      0.52        87
   label_133       0.36      0.55      0.43        53
   label_134       0.12      0.30      0.17        27
   label_135       0.10      0.33      0.15        15
   label_136       0.26      0.53      0.35        43
   label_137       0.29      0.68      0.41        68
   label_138       0.17      0.27      0.21        26
   label_139       0.63      0.54      0.58        70
   label_140       0.17      0.28      0.21        25
   label_141       0.18      0.27      0.22        15
   label_142       0.44      0.53      0.48        58
   label_143       0.44      0.52      0.48        77
   label_144       0.16      0.31      0.21        71
   label_145       0.61      0.58      0.60        53
   label_146       0.30      0.38      0.34        42
   label_147       0.22      0.59      0.32        59
   label_148       0.18      0.38      0.24        16
   label_149       0.35      0.49      0.40        35
   label_150       0.25      0.34      0.29        64
   label_151       0.28      0.36      0.31        58
   label_152       0.35      0.35      0.35        60
   label_153       0.35      0.35      0.35        60
   label_154       0.35      0.39      0.37        38
   label_155       0.22      0.49      0.31        49
   label_156       0.43      0.61      0.50        46
   label_157       0.34      0.49      0.40        53
   label_158       0.39      0.78      0.52        60
   label_159       0.17      0.33      0.23        87
   label_160       0.25      0.46      0.32        48
   label_161       0.30      0.58      0.40        45
   label_162       0.45      0.61      0.52        46
   label_163       0.50      0.28      0.36        39
   label_164       0.15      0.50      0.23        12
   label_165       0.13      0.17      0.15        59
   label_166       0.15      0.42      0.22        33
   label_167       0.19      0.29      0.23        14
   label_168       0.31      0.60      0.41        40
   label_169       0.31      0.66      0.42        62
   label_170       0.14      0.44      0.21        18
   label_171       0.11      0.67      0.18        12
   label_172       0.23      0.51      0.32        49
   label_173       0.40      0.89      0.55        18
   label_174       0.39      0.32      0.35        34
   label_175       0.22      0.51      0.31        47
   label_176       0.26      0.42      0.32        50
   label_177       0.27      0.29      0.28        14
   label_178       0.29      0.35      0.32        65
   label_179       0.30      0.61      0.40        38
   label_180       0.28      0.59      0.38        37
   label_181       0.58      0.73      0.64        26
   label_182       0.45      0.88      0.60        16
   label_183       0.44      0.67      0.53        18
   label_184       0.25      0.17      0.21        40
   label_185       0.20      0.30      0.24        27
   label_186       0.36      0.69      0.47        36
   label_187       0.33      0.39      0.36        38
   label_188       0.32      0.69      0.43        51
   label_189       0.22      0.27      0.24        22
   label_190       0.30      0.13      0.18        23
   label_191       0.35      0.29      0.32        31
   label_192       0.40      0.58      0.47        38
   label_193       0.59      0.82      0.69        28
   label_194       0.29      0.48      0.36        52
   label_195       0.33      0.39      0.36        38
   label_196       0.18      0.22      0.20        23
   label_197       0.61      0.82      0.70        28
   label_198       0.31      0.29      0.30        17
   label_199       0.25      0.54      0.34        37
   label_200       0.10      0.27      0.15        11
   label_201       0.25      0.54      0.34        37
   label_202       0.25      0.54      0.34        37
   label_203       0.29      0.58      0.38        76
   label_204       0.32      0.52      0.40        31
   label_205       0.35      0.43      0.39        51
   label_206       0.64      0.75      0.69        51
   label_207       0.48      0.74      0.58        27
   label_208       0.11      0.25      0.15         8
   label_209       0.14      0.28      0.19        32
   label_210       0.31      0.36      0.33        22
   label_211       0.62      0.82      0.71        28
   label_212       0.26      0.36      0.30        45
   label_213       0.32      0.41      0.36        44
   label_214       0.15      0.37      0.21        63
   label_215       0.21      0.36      0.27        22
   label_216       0.11      0.22      0.15        18
   label_217       0.28      0.36      0.31        44
   label_218       0.39      0.52      0.44        31
   label_219       0.13      0.21      0.16        42
   label_220       0.31      0.59      0.41        37
   label_221       0.70      0.73      0.71        22
   label_222       0.27      0.35      0.31        26
   label_223       0.17      0.50      0.25        16
   label_224       0.26      0.64      0.38        28
   label_225       0.17      0.18      0.17        11
   label_226       0.08      0.17      0.11        24
   label_227       0.24      0.28      0.26        18
   label_228       0.14      0.37      0.20        27
   label_229       0.30      0.40      0.35        42
   label_230       0.08      0.46      0.14        13
   label_231       0.16      0.41      0.23        29
   label_232       0.19      0.45      0.27        22
   label_233       0.16      0.45      0.24        29
   label_234       0.63      0.57      0.60        47
   label_235       0.15      0.33      0.21         6
   label_236       0.28      0.36      0.31        45
   label_237       0.11      0.29      0.16        17
   label_238       0.09      0.20      0.12        10
   label_239       0.44      0.42      0.43        36
   label_240       0.10      0.31      0.16        35
   label_241       0.23      0.38      0.29         8
   label_242       0.42      0.57      0.48        35
   label_243       0.44      0.63      0.52        27
   label_244       0.27      0.38      0.32        24
   label_245       0.47      0.33      0.39        24
   label_246       0.15      0.18      0.16        17
   label_247       0.31      0.33      0.32        15
   label_248       0.31      0.39      0.35        49
   label_249       0.27      0.63      0.37        27
   label_250       0.33      0.62      0.43        29
   label_251       0.19      0.38      0.25        16
   label_252       0.18      0.32      0.23        34
   label_253       0.31      0.35      0.33        43
   label_254       0.11      0.37      0.17        27
   label_255       0.36      0.41      0.38        22
   label_256       0.20      0.33      0.25        33
   label_257       0.14      0.11      0.12         9
   label_258       1.00      0.98      0.99        82
   label_259       0.23      0.45      0.30        22
   label_260       0.10      0.25      0.14         8
   label_261       0.11      0.58      0.19        12
   label_262       0.15      0.33      0.20        21
   label_263       0.22      0.21      0.21        29
   label_264       0.49      0.81      0.61        21
   label_265       0.11      0.57      0.18         7
   label_266       0.17      0.25      0.20         8
   label_267       0.27      0.65      0.38        23
   label_268       0.29      0.18      0.23        38
   label_269       0.21      0.32      0.25        28
   label_270       0.07      0.13      0.09        15
   label_271       0.09      0.29      0.13         7
   label_272       0.16      0.45      0.24        22
   label_273       0.06      0.13      0.09        15
   label_274       0.17      0.46      0.25        35
   label_275       0.71      0.82      0.76        67
   label_276       0.45      0.73      0.56        37
   label_277       0.10      0.22      0.14        32
   label_278       0.16      0.17      0.17        41
   label_279       0.03      0.08      0.05        12
   label_280       0.30      0.43      0.36        37
   label_281       0.02      0.07      0.03        15
   label_282       0.27      0.41      0.33        37
   label_283       0.27      0.39      0.32        36
   label_284       0.28      0.44      0.34        34
   label_285       0.71      0.63      0.67        27
   label_286       0.18      0.41      0.25        17
   label_287       0.06      0.40      0.11         5
   label_288       0.35      0.60      0.44        25
   label_289       0.21      0.35      0.26        17
   label_290       0.27      0.33      0.30        21
   label_291       0.31      0.67      0.43        15
   label_292       0.50      0.81      0.62        21
   label_293       0.62      0.16      0.25        32
   label_294       0.38      0.57      0.46        35
   label_295       0.32      0.79      0.46        24
   label_296       0.21      0.42      0.28        24
   label_297       0.17      0.25      0.20         8
   label_298       0.00      0.00      0.00         7
   label_299       0.20      0.42      0.27        24
   label_300       0.22      0.20      0.21        10
   label_301       0.25      0.17      0.20        24
   label_302       0.53      0.64      0.58        14
   label_303       0.21      0.59      0.31        32
   label_304       0.26      0.24      0.25        25
   label_305       0.09      0.23      0.13        31
   label_306       0.26      0.42      0.32        12
   label_307       0.36      0.44      0.40         9
   label_308       0.42      0.55      0.48        20
   label_309       0.21      0.48      0.29        31
   label_310       0.33      0.48      0.39        21
   label_311       0.53      0.62      0.57        13
   label_312       0.29      0.41      0.34        34
   label_313       0.17      0.29      0.21        21
   label_314       0.08      0.15      0.11        13
   label_315       0.22      0.21      0.22        19
   label_316       0.07      0.14      0.10        22
   label_317       0.10      0.33      0.15         6
   label_318       0.14      0.32      0.20        28
   label_319       0.33      0.67      0.44        24
   label_320       0.26      0.28      0.27        18
   label_321       0.10      0.22      0.14         9
   label_322       0.07      0.11      0.09        19
   label_323       0.35      0.23      0.28        35
   label_324       0.21      0.30      0.25        30
   label_325       0.28      0.29      0.29        17
   label_326       0.11      0.27      0.16        15
   label_327       0.69      0.69      0.69        16
   label_328       0.72      0.72      0.72        65
   label_329       0.11      0.15      0.12        26
   label_330       0.24      0.20      0.22        35
   label_331       0.23      0.67      0.34         9
   label_332       0.29      0.48      0.36        23
   label_333       0.38      0.83      0.52        36
   label_334       0.22      0.52      0.31        29
   label_335       0.14      0.24      0.18        33
   label_336       0.35      0.21      0.27        28
   label_337       0.58      0.70      0.64        10
   label_338       0.39      0.50      0.44        14
   label_339       0.02      0.08      0.04        13
   label_340       0.21      0.48      0.29        23
   label_341       0.15      0.24      0.18        37
   label_342       0.56      0.74      0.64        19
   label_343       0.29      0.25      0.27        24
   label_344       0.08      0.20      0.11         5
   label_345       0.20      0.39      0.26        36
   label_346       0.04      0.17      0.07        12
   label_347       0.13      0.25      0.17        12
   label_348       0.22      0.29      0.25         7
   label_349       0.44      0.41      0.42        17
   label_350       0.07      0.18      0.10        11
   label_351       0.12      0.18      0.14        28
   label_352       0.42      0.50      0.45        10
   label_353       0.18      0.24      0.21        29
   label_354       0.20      0.28      0.23        29
   label_355       0.17      0.25      0.20         8
   label_356       0.32      0.41      0.36        29
   label_357       0.37      0.85      0.51        40
   label_358       0.27      0.44      0.33        25
   label_359       0.39      0.68      0.49        25
   label_360       0.19      0.33      0.24         9
   label_361       0.00      0.00      0.00        11
   label_362       0.19      0.33      0.24         9
   label_363       0.19      0.56      0.28         9
   label_364       0.15      0.29      0.20         7
   label_365       0.16      0.19      0.17        26
   label_366       0.14      0.21      0.17        14
   label_367       0.12      0.25      0.17        75
   label_368       0.36      0.53      0.43        17
   label_369       0.12      0.24      0.16        75
   label_370       0.11      0.26      0.15        23
   label_371       0.15      0.28      0.19        18
   label_372       0.22      0.50      0.30        16
   label_373       0.24      0.50      0.32        16
   label_374       0.29      0.29      0.29         7
   label_375       0.29      0.29      0.29         7
   label_376       0.10      0.40      0.16        10
   label_377       0.25      0.29      0.27         7
   label_378       0.03      0.09      0.04        11
   label_379       0.10      0.37      0.16        75
   label_380       0.28      0.59      0.38        22
   label_381       0.17      0.67      0.27         9
   label_382       0.53      0.85      0.65        20
   label_383       0.17      0.20      0.18         5
   label_384       0.17      0.20      0.18         5
   label_385       0.23      0.33      0.27         9
   label_386       0.33      0.14      0.20         7
   label_387       0.27      0.33      0.30         9
   label_388       0.25      0.29      0.27         7
   label_389       0.26      0.40      0.31        25
   label_390       0.06      0.43      0.11         7
   label_391       0.07      0.11      0.09        18
   label_392       0.50      0.56      0.53        16
   label_393       0.58      0.58      0.58        12
   label_394       0.10      0.39      0.16        74
   label_395       0.50      0.33      0.40         3
   label_396       0.50      0.67      0.57         9
   label_397       0.05      0.29      0.09         7
   label_398       0.32      0.63      0.43        19
   label_399       0.22      0.53      0.31        15
   label_400       0.14      0.32      0.19        22
   label_401       0.23      0.18      0.20        28
   label_402       0.23      0.47      0.31        15
   label_403       0.46      0.57      0.51        28
   label_404       0.08      0.14      0.10        28
   label_405       0.54      0.70      0.61        10
   label_406       0.68      0.81      0.74        16
   label_407       0.25      0.17      0.21        23
   label_408       0.14      0.24      0.17        29
   label_409       0.24      0.18      0.21        22
   label_410       0.43      0.67      0.52        18
   label_411       0.50      0.61      0.55        18
   label_412       0.18      0.43      0.25        30
   label_413       0.18      0.43      0.25        30
   label_414       0.06      0.25      0.09         8
   label_415       0.18      0.16      0.17        19
   label_416       0.25      0.29      0.27         7
   label_417       0.15      0.22      0.18        23
   label_418       0.23      0.27      0.25        11
   label_419       0.42      0.58      0.49        19
   label_420       0.25      0.14      0.18         7
   label_421       0.27      0.59      0.37        22
   label_422       0.55      0.67      0.60         9
   label_423       0.08      0.12      0.10         8
   label_424       0.25      0.14      0.18        14
   label_425       0.28      0.56      0.37         9
   label_426       0.28      0.53      0.36        15
   label_427       0.50      0.56      0.53         9
   label_428       0.17      0.27      0.21        11
   label_429       0.15      0.35      0.21        20
   label_430       0.00      0.00      0.00         2
   label_431       0.12      0.43      0.19         7
   label_432       0.38      0.50      0.43        22
   label_433       0.36      0.62      0.45        16
   label_434       0.19      0.31      0.24        16
   label_435       0.14      0.36      0.20        11
   label_436       0.06      0.08      0.06        13
   label_437       0.13      0.24      0.17        17
   label_438       0.33      0.14      0.20         7
   label_439       0.11      0.14      0.12        21
   label_440       0.27      0.38      0.32         8
   label_441       0.31      0.55      0.40        20
   label_442       0.73      0.67      0.70        12
   label_443       0.31      0.61      0.41        18
   label_444       0.23      0.55      0.32        11
   label_445       0.12      0.20      0.15        20
   label_446       0.16      0.45      0.24        11
   label_447       0.12      0.40      0.19        10
   label_448       0.25      0.28      0.26        18
   label_449       0.15      0.35      0.21        26
   label_450       0.36      0.47      0.41        17
   label_451       0.10      0.17      0.12         6
   label_452       0.20      0.18      0.19        17
   label_453       0.24      0.29      0.26        21
   label_454       0.19      0.45      0.26        11
   label_455       0.38      0.25      0.30        20
   label_456       0.22      0.38      0.28        16
   label_457       0.35      0.91      0.51        34
   label_458       0.40      0.57      0.47        14
   label_459       0.42      0.69      0.52        16
   label_460       0.14      0.31      0.19        16
   label_461       0.21      0.57      0.31        14
   label_462       0.42      0.38      0.40        21
   label_463       0.06      0.10      0.07        10
   label_464       0.21      0.36      0.26        14
   label_465       0.19      0.45      0.26        11
   label_466       0.13      0.32      0.19        25
   label_467       0.22      0.65      0.32        26
   label_468       0.55      0.55      0.55        11
   label_469       0.12      0.33      0.18         6
   label_470       0.28      0.41      0.33        22
   label_471       0.26      0.56      0.36        18
   label_472       0.08      0.12      0.10        17
   label_473       0.18      0.41      0.25        17
   label_474       0.25      0.24      0.24        17
   label_475       0.25      0.18      0.21        22
   label_476       0.25      0.17      0.20         6
   label_477       0.26      0.71      0.38         7
   label_478       0.08      0.20      0.12        15
   label_479       0.73      0.89      0.80         9
   label_480       0.19      0.30      0.23        10
   label_481       0.73      0.89      0.80         9
   label_482       0.26      0.71      0.38         7
   label_483       0.32      0.33      0.32        18
   label_484       0.17      0.17      0.17         6
   label_485       0.38      0.29      0.32        21
   label_486       0.29      0.20      0.24        10
   label_487       0.44      0.40      0.42        10
   label_488       0.14      0.25      0.18        16
   label_489       0.18      0.23      0.20        13
   label_490       0.41      0.64      0.50        14
   label_491       0.21      0.17      0.19        18
   label_492       0.28      0.39      0.33        18
   label_493       0.06      0.14      0.09        14
   label_494       0.27      0.33      0.30         9
   label_495       0.29      0.36      0.32        11
   label_496       0.07      0.09      0.08        23
   label_497       0.60      0.67      0.63         9
   label_498       0.10      0.25      0.14         4
   label_499       0.11      0.25      0.15         8

   micro avg       0.43      0.66      0.52     31417
   macro avg       0.30      0.46      0.35     31417
weighted avg       0.49      0.66      0.55     31417
 samples avg       0.54      0.80      0.55     31417

=== worst 30 labels by F1 ===
    label  training_support  true_support  predicted_positive  predicted_to_true_ratio  tp  fp  fn  precision   recall       f1  average_precision
label_430              1550             2                  10                 5.000000   0  10   2   0.000000 0.000000 0.000000           0.014394
label_361              1920            11                  19                 1.727273   0  19  11   0.000000 0.000000 0.000000           0.025288
label_298              2288             7                  15                 2.142857   0  15   7   0.000000 0.000000 0.000000           0.023423
label_281              2377            15                  49                 3.266667   1  48  14   0.020408 0.066667 0.031250           0.054449
label_339              2015            13                  44                 3.384615   1  43  12   0.022727 0.076923 0.035088           0.059101
label_378              1828            11                  37                 3.363636   1  36  10   0.027027 0.090909 0.041667           0.056296
label_279              2423            12                  31                 2.583333   1  30  11   0.032258 0.083333 0.046512           0.054457
label_436              1511            13                  18                 1.384615   1  17  12   0.055556 0.076923 0.064516           0.054593
label_346              1978            12                  46                 3.833333   2  44  10   0.043478 0.166667 0.068966           0.073893
label_463              1388            10                  18                 1.800000   1  17   9   0.055556 0.100000 0.071429           0.033304
label_496              1282            23                  30                 1.304348   2  28  21   0.066667 0.086957 0.075472           0.063481
label_391              1779            18                  29                 1.611111   2  27  16   0.068966 0.111111 0.085106           0.035026
label_493              1305            14                  32                 2.285714   2  30  12   0.062500 0.142857 0.086957           0.054369
label_322              2181            19                  27                 1.421053   2  25  17   0.074074 0.105263 0.086957           0.088851
label_273              2511            15                  31                 2.066667   2  29  13   0.064516 0.133333 0.086957           0.095506
label_270              2515            15                  30                 2.000000   2  28  13   0.066667 0.133333 0.088889           0.088583
label_397              1719             7                  37                 5.285714   2  35   5   0.054054 0.285714 0.090909           0.040963
label_414              1652             8                  35                 4.375000   2  33   6   0.057143 0.250000 0.093023           0.048832
label_472              1389            17                  25                 1.470588   2  23  15   0.080000 0.117647 0.095238           0.093697
label_316              2237            22                  40                 1.818182   3  37  19   0.075000 0.136364 0.096774           0.061651
label_423              1614             8                  12                 1.500000   1  11   7   0.083333 0.125000 0.100000           0.114002
label_350              1956            11                  29                 2.636364   2  27   9   0.068966 0.181818 0.100000           0.066963
label_404              1691            28                  49                 1.750000   4  45  24   0.081633 0.142857 0.103896           0.062435
label_226              2988            24                  51                 2.125000   4  47  20   0.078431 0.166667 0.106667           0.080785
label_390              1747             7                  49                 7.000000   3  46   4   0.061224 0.428571 0.107143           0.055761
label_314              2250            13                  24                 1.846154   2  22  11   0.083333 0.153846 0.108108           0.107825
label_287              2367             5                  32                 6.400000   2  30   3   0.062500 0.400000 0.108108           0.079351
label_344              2039             5                  13                 2.600000   1  12   4   0.076923 0.200000 0.111111           0.220438
label_478              1374            15                  37                 2.466667   3  34  12   0.081081 0.200000 0.115385           0.064273
label_238              2850            10                  23                 2.300000   2  21   8   0.086957 0.200000 0.121212           0.056276
=== support histogram ===
validation_support <= 0: 0 labels
validation_support <= 1: 0 labels
validation_support <= 2: 1 labels
validation_support <= 5: 7 labels
validation_support <= 10: 70 labels
validation_support <= 20: 179 labels
validation_support <= 50: 353 labels
validation_support <= 100: 438 labels
validation_support <= 1000: 500 labels
macro_f1 0.3523488238562482 true_rate 0.05916572504708098 pred_rate 0.08969303201506591
full_report artifacts\metrics\EXP-20260930-120-f1-diagnostics-classification-report.txt
confusion_matrices artifacts\metrics\EXP-20260930-120-f1-diagnostics-confusion-matrices.csv
support artifacts\metrics\EXP-20260930-120-f1-diagnostics-support.csv
