=== valid crossfit seed 42 classification report ===
              precision    recall  f1-score   support

     label_0       0.89      0.97      0.93       892
     label_1       0.54      0.91      0.68       521
     label_2       0.89      0.97      0.93       889
     label_3       0.60      0.96      0.74       594
     label_4       0.88      0.98      0.93       816
     label_5       0.44      0.84      0.57       385
     label_6       0.82      0.96      0.88       729
     label_7       0.82      0.95      0.88       714
     label_8       0.55      0.90      0.68       520
     label_9       0.79      0.92      0.85       674
    label_10       0.79      0.94      0.86       647
    label_11       0.81      0.91      0.86       656
    label_12       0.51      0.94      0.66       476
    label_13       0.42      0.73      0.53       285
    label_14       0.39      0.76      0.52       269
    label_15       0.39      0.70      0.50       242
    label_16       0.36      0.62      0.46       196
    label_17       0.42      0.68      0.52       235
    label_18       0.27      0.45      0.34       108
    label_19       0.74      0.88      0.81       388
    label_20       0.27      0.52      0.35        91
    label_21       0.42      0.72      0.53       223
    label_22       0.26      0.52      0.34        86
    label_23       0.57      0.62      0.59       244
    label_24       0.55      0.70      0.62       171
    label_25       0.40      0.69      0.51       203
    label_26       0.39      0.68      0.50       202
    label_27       0.26      0.49      0.34        67
    label_28       0.40      0.68      0.50       198
    label_29       0.59      0.69      0.63       148
    label_30       0.31      0.48      0.38       127
    label_31       0.38      0.58      0.46       175
    label_32       0.35      0.48      0.40       117
    label_33       0.30      0.56      0.39       165
    label_34       0.71      0.83      0.76       346
    label_35       0.37      0.74      0.49       162
    label_36       0.25      0.36      0.29        59
    label_37       0.35      0.60      0.44       159
    label_38       0.29      0.58      0.39       125
    label_39       0.62      0.66      0.64       135
    label_40       0.43      0.68      0.53       221
    label_41       0.71      0.69      0.70       209
    label_42       0.65      0.73      0.69       209
    label_43       0.75      0.86      0.80       339
    label_44       0.75      0.86      0.80       339
    label_45       0.75      0.86      0.80       339
    label_46       0.21      0.51      0.30       115
    label_47       0.26      0.54      0.35       142
    label_48       0.36      0.54      0.43       140
    label_49       0.34      0.55      0.42       139
    label_50       0.31      0.44      0.36       108
    label_51       0.41      0.72      0.52       145
    label_52       0.36      0.54      0.43       140
    label_53       0.27      0.37      0.31        84
    label_54       0.37      0.57      0.45       126
    label_55       0.35      0.48      0.41        88
    label_56       0.16      0.55      0.25        38
    label_57       0.77      0.91      0.83       317
    label_58       0.16      0.55      0.25        38
    label_59       0.58      0.62      0.59       143
    label_60       0.24      0.46      0.31        50
    label_61       0.30      0.62      0.40       147
    label_62       0.23      0.78      0.35        27
    label_63       0.30      0.64      0.41       147
    label_64       0.21      0.45      0.28       101
    label_65       0.38      0.44      0.41        99
    label_66       0.41      0.57      0.47        69
    label_67       0.35      0.58      0.43       113
    label_68       0.28      0.58      0.38        79
    label_69       0.14      0.22      0.17        45
    label_70       0.33      0.51      0.40       102
    label_71       0.38      0.43      0.40        93
    label_72       0.38      0.60      0.46        68
    label_73       0.39      0.67      0.49        91
    label_74       0.34      0.54      0.42        99
    label_75       0.40      0.43      0.41        95
    label_76       0.79      0.89      0.84       295
    label_77       0.37      0.63      0.47       100
    label_78       0.39      0.78      0.52        89
    label_79       0.20      0.42      0.27        62
    label_80       0.31      0.55      0.40       120
    label_81       0.32      0.56      0.41        96
    label_82       0.12      0.36      0.18        28
    label_83       0.27      0.42      0.33        60
    label_84       0.40      0.67      0.50        88
    label_85       0.53      0.76      0.62        71
    label_86       0.27      0.53      0.36        75
    label_87       0.34      0.55      0.42        91
    label_88       0.31      0.56      0.40        99
    label_89       0.37      0.68      0.48       103
    label_90       0.25      0.41      0.31        81
    label_91       0.31      0.40      0.35        82
    label_92       0.79      0.87      0.83        97
    label_93       0.35      0.57      0.43        81
    label_94       0.35      0.57      0.43        80
    label_95       0.35      0.58      0.43        79
    label_96       0.28      0.50      0.36        92
    label_97       0.29      0.46      0.36        65
    label_98       0.30      0.33      0.32       109
    label_99       0.17      0.26      0.21        23
   label_100       0.20      0.21      0.21        33
   label_101       0.15      0.52      0.23        29
   label_102       0.21      0.38      0.27        56
   label_103       0.17      0.41      0.24        56
   label_104       0.34      0.59      0.43        79
   label_105       0.27      0.43      0.33        67
   label_106       0.20      0.37      0.26        43
   label_107       0.48      0.63      0.54        68
   label_108       0.18      0.26      0.21        23
   label_109       0.19      0.49      0.27        37
   label_110       0.23      0.46      0.31        63
   label_111       0.30      0.47      0.36        78
   label_112       0.30      0.53      0.38        74
   label_113       0.19      0.32      0.24        76
   label_114       0.28      0.51      0.36        78
   label_115       0.57      0.76      0.66        51
   label_116       0.33      0.43      0.37        65
   label_117       0.25      0.36      0.30       121
   label_118       0.32      0.40      0.35        60
   label_119       0.20      0.26      0.23        58
   label_120       0.52      0.69      0.59        70
   label_121       0.34      0.40      0.37        58
   label_122       0.26      0.39      0.31        36
   label_123       0.26      0.46      0.33        57
   label_124       0.32      0.35      0.34        57
   label_125       0.20      0.33      0.25        70
   label_126       0.24      0.26      0.25        35
   label_127       0.21      0.48      0.29        44
   label_128       0.25      0.41      0.31        56
   label_129       0.18      0.44      0.26        45
   label_130       0.40      0.69      0.51        65
   label_131       0.26      0.49      0.34        41
   label_132       0.44      0.68      0.53        87
   label_133       0.34      0.49      0.40        53
   label_134       0.15      0.26      0.19        27
   label_135       0.09      0.40      0.15        15
   label_136       0.28      0.51      0.36        43
   label_137       0.29      0.68      0.41        68
   label_138       0.14      0.27      0.18        26
   label_139       0.56      0.57      0.57        70
   label_140       0.14      0.28      0.19        25
   label_141       0.14      0.27      0.18        15
   label_142       0.40      0.53      0.46        58
   label_143       0.45      0.53      0.49        77
   label_144       0.17      0.30      0.21        71
   label_145       0.65      0.53      0.58        53
   label_146       0.30      0.38      0.33        42
   label_147       0.22      0.39      0.28        59
   label_148       0.16      0.38      0.22        16
   label_149       0.33      0.49      0.40        35
   label_150       0.23      0.33      0.27        64
   label_151       0.23      0.36      0.28        58
   label_152       0.33      0.30      0.32        60
   label_153       0.33      0.30      0.32        60
   label_154       0.32      0.50      0.39        38
   label_155       0.21      0.43      0.29        49
   label_156       0.37      0.61      0.46        46
   label_157       0.33      0.51      0.40        53
   label_158       0.38      0.72      0.50        60
   label_159       0.18      0.31      0.23        87
   label_160       0.22      0.44      0.29        48
   label_161       0.28      0.58      0.38        45
   label_162       0.41      0.61      0.49        46
   label_163       0.36      0.36      0.36        39
   label_164       0.14      0.58      0.23        12
   label_165       0.11      0.19      0.14        59
   label_166       0.14      0.33      0.19        33
   label_167       0.11      0.29      0.16        14
   label_168       0.30      0.55      0.39        40
   label_169       0.32      0.66      0.43        62
   label_170       0.11      0.44      0.18        18
   label_171       0.11      0.67      0.18        12
   label_172       0.24      0.39      0.30        49
   label_173       0.38      0.83      0.52        18
   label_174       0.27      0.35      0.30        34
   label_175       0.23      0.43      0.30        47
   label_176       0.27      0.40      0.32        50
   label_177       0.25      0.29      0.27        14
   label_178       0.27      0.40      0.32        65
   label_179       0.34      0.58      0.43        38
   label_180       0.28      0.59      0.38        37
   label_181       0.63      0.65      0.64        26
   label_182       0.45      0.88      0.60        16
   label_183       0.38      0.83      0.53        18
   label_184       0.18      0.20      0.19        40
   label_185       0.21      0.30      0.25        27
   label_186       0.34      0.64      0.45        36
   label_187       0.29      0.39      0.33        38
   label_188       0.28      0.55      0.37        51
   label_189       0.18      0.41      0.25        22
   label_190       0.19      0.17      0.18        23
   label_191       0.23      0.35      0.28        31
   label_192       0.35      0.58      0.44        38
   label_193       0.59      0.86      0.70        28
   label_194       0.29      0.46      0.35        52
   label_195       0.29      0.39      0.33        38
   label_196       0.16      0.30      0.21        23
   label_197       0.60      0.86      0.71        28
   label_198       0.25      0.29      0.27        17
   label_199       0.24      0.49      0.32        37
   label_200       0.07      0.27      0.12        11
   label_201       0.25      0.49      0.33        37
   label_202       0.25      0.49      0.33        37
   label_203       0.29      0.58      0.38        76
   label_204       0.33      0.52      0.40        31
   label_205       0.28      0.41      0.34        51
   label_206       0.60      0.69      0.64        51
   label_207       0.46      0.70      0.56        27
   label_208       0.11      0.25      0.15         8
   label_209       0.14      0.25      0.18        32
   label_210       0.31      0.36      0.33        22
   label_211       0.62      0.82      0.71        28
   label_212       0.22      0.38      0.28        45
   label_213       0.28      0.41      0.33        44
   label_214       0.16      0.33      0.22        63
   label_215       0.16      0.27      0.20        22
   label_216       0.11      0.28      0.16        18
   label_217       0.24      0.41      0.30        44
   label_218       0.40      0.52      0.45        31
   label_219       0.11      0.17      0.13        42
   label_220       0.31      0.51      0.39        37
   label_221       0.71      0.77      0.74        22
   label_222       0.27      0.38      0.32        26
   label_223       0.15      0.31      0.20        16
   label_224       0.27      0.61      0.37        28
   label_225       0.18      0.18      0.18        11
   label_226       0.07      0.12      0.09        24
   label_227       0.25      0.17      0.20        18
   label_228       0.17      0.37      0.24        27
   label_229       0.30      0.40      0.35        42
   label_230       0.10      0.46      0.17        13
   label_231       0.16      0.38      0.22        29
   label_232       0.17      0.55      0.26        22
   label_233       0.14      0.31      0.19        29
   label_234       0.61      0.57      0.59        47
   label_235       0.15      0.33      0.21         6
   label_236       0.26      0.31      0.29        45
   label_237       0.10      0.29      0.15        17
   label_238       0.07      0.20      0.10        10
   label_239       0.39      0.53      0.45        36
   label_240       0.10      0.23      0.14        35
   label_241       0.23      0.38      0.29         8
   label_242       0.40      0.54      0.46        35
   label_243       0.44      0.63      0.52        27
   label_244       0.22      0.46      0.30        24
   label_245       0.47      0.33      0.39        24
   label_246       0.11      0.18      0.13        17
   label_247       0.26      0.33      0.29        15
   label_248       0.30      0.35      0.32        49
   label_249       0.25      0.56      0.35        27
   label_250       0.37      0.62      0.46        29
   label_251       0.21      0.44      0.29        16
   label_252       0.20      0.29      0.24        34
   label_253       0.29      0.35      0.32        43
   label_254       0.11      0.41      0.17        27
   label_255       0.24      0.55      0.34        22
   label_256       0.19      0.30      0.23        33
   label_257       0.17      0.22      0.19         9
   label_258       0.98      0.98      0.98        82
   label_259       0.23      0.45      0.31        22
   label_260       0.10      0.38      0.15         8
   label_261       0.11      0.58      0.19        12
   label_262       0.13      0.33      0.19        21
   label_263       0.20      0.21      0.20        29
   label_264       0.49      0.81      0.61        21
   label_265       0.06      0.29      0.10         7
   label_266       0.15      0.25      0.19         8
   label_267       0.27      0.70      0.39        23
   label_268       0.21      0.21      0.21        38
   label_269       0.22      0.32      0.26        28
   label_270       0.07      0.20      0.11        15
   label_271       0.07      0.29      0.11         7
   label_272       0.13      0.32      0.18        22
   label_273       0.07      0.20      0.10        15
   label_274       0.15      0.37      0.22        35
   label_275       0.70      0.87      0.77        67
   label_276       0.43      0.73      0.54        37
   label_277       0.10      0.19      0.13        32
   label_278       0.17      0.22      0.19        41
   label_279       0.05      0.25      0.09        12
   label_280       0.27      0.43      0.33        37
   label_281       0.02      0.07      0.04        15
   label_282       0.26      0.41      0.32        37
   label_283       0.30      0.39      0.34        36
   label_284       0.29      0.41      0.34        34
   label_285       0.59      0.63      0.61        27
   label_286       0.13      0.24      0.17        17
   label_287       0.06      0.40      0.11         5
   label_288       0.35      0.60      0.44        25
   label_289       0.21      0.35      0.26        17
   label_290       0.20      0.24      0.22        21
   label_291       0.33      0.60      0.43        15
   label_292       0.52      0.81      0.63        21
   label_293       0.29      0.16      0.20        32
   label_294       0.35      0.49      0.41        35
   label_295       0.32      0.79      0.46        24
   label_296       0.21      0.42      0.28        24
   label_297       0.11      0.25      0.15         8
   label_298       0.00      0.00      0.00         7
   label_299       0.21      0.42      0.28        24
   label_300       0.20      0.20      0.20        10
   label_301       0.22      0.33      0.26        24
   label_302       0.53      0.64      0.58        14
   label_303       0.23      0.44      0.30        32
   label_304       0.25      0.24      0.24        25
   label_305       0.07      0.10      0.08        31
   label_306       0.22      0.42      0.29        12
   label_307       0.29      0.44      0.35         9
   label_308       0.41      0.60      0.49        20
   label_309       0.19      0.42      0.26        31
   label_310       0.33      0.52      0.41        21
   label_311       0.50      0.62      0.55        13
   label_312       0.28      0.35      0.31        34
   label_313       0.14      0.29      0.18        21
   label_314       0.09      0.23      0.12        13
   label_315       0.29      0.26      0.28        19
   label_316       0.06      0.09      0.08        22
   label_317       0.09      0.33      0.14         6
   label_318       0.13      0.18      0.15        28
   label_319       0.32      0.62      0.42        24
   label_320       0.17      0.28      0.21        18
   label_321       0.08      0.22      0.12         9
   label_322       0.04      0.05      0.05        19
   label_323       0.25      0.23      0.24        35
   label_324       0.21      0.30      0.25        30
   label_325       0.23      0.29      0.26        17
   label_326       0.08      0.20      0.11        15
   label_327       0.71      0.75      0.73        16
   label_328       0.63      0.77      0.69        65
   label_329       0.09      0.12      0.10        26
   label_330       0.29      0.20      0.24        35
   label_331       0.17      0.44      0.25         9
   label_332       0.31      0.48      0.37        23
   label_333       0.37      0.83      0.51        36
   label_334       0.23      0.45      0.30        29
   label_335       0.12      0.18      0.14        33
   label_336       0.20      0.21      0.21        28
   label_337       0.50      0.70      0.58        10
   label_338       0.33      0.57      0.42        14
   label_339       0.03      0.08      0.04        13
   label_340       0.21      0.48      0.29        23
   label_341       0.13      0.22      0.16        37
   label_342       0.58      0.79      0.67        19
   label_343       0.25      0.29      0.27        24
   label_344       0.08      0.40      0.14         5
   label_345       0.13      0.28      0.18        36
   label_346       0.03      0.08      0.04        12
   label_347       0.12      0.25      0.17        12
   label_348       0.22      0.29      0.25         7
   label_349       0.33      0.41      0.37        17
   label_350       0.04      0.18      0.07        11
   label_351       0.10      0.14      0.11        28
   label_352       0.43      0.60      0.50        10
   label_353       0.17      0.21      0.19        29
   label_354       0.18      0.21      0.19        29
   label_355       0.14      0.25      0.18         8
   label_356       0.30      0.41      0.35        29
   label_357       0.37      0.85      0.51        40
   label_358       0.24      0.36      0.29        25
   label_359       0.41      0.64      0.50        25
   label_360       0.20      0.44      0.28         9
   label_361       0.00      0.00      0.00        11
   label_362       0.21      0.44      0.29         9
   label_363       0.19      0.56      0.28         9
   label_364       0.12      0.29      0.17         7
   label_365       0.13      0.15      0.14        26
   label_366       0.15      0.21      0.18        14
   label_367       0.13      0.32      0.19        75
   label_368       0.38      0.47      0.42        17
   label_369       0.13      0.32      0.19        75
   label_370       0.09      0.17      0.12        23
   label_371       0.11      0.28      0.15        18
   label_372       0.21      0.50      0.30        16
   label_373       0.23      0.50      0.31        16
   label_374       0.18      0.29      0.22         7
   label_375       0.18      0.29      0.22         7
   label_376       0.06      0.20      0.10        10
   label_377       0.18      0.29      0.22         7
   label_378       0.04      0.09      0.05        11
   label_379       0.12      0.35      0.18        75
   label_380       0.24      0.59      0.34        22
   label_381       0.16      0.67      0.26         9
   label_382       0.53      0.85      0.65        20
   label_383       0.11      0.40      0.17         5
   label_384       0.11      0.40      0.17         5
   label_385       0.23      0.33      0.27         9
   label_386       0.12      0.14      0.13         7
   label_387       0.21      0.33      0.26         9
   label_388       0.25      0.29      0.27         7
   label_389       0.22      0.48      0.30        25
   label_390       0.04      0.29      0.07         7
   label_391       0.04      0.06      0.05        18
   label_392       0.50      0.56      0.53        16
   label_393       0.54      0.58      0.56        12
   label_394       0.12      0.39      0.18        74
   label_395       0.25      0.33      0.29         3
   label_396       0.40      0.67      0.50         9
   label_397       0.05      0.29      0.09         7
   label_398       0.30      0.63      0.41        19
   label_399       0.24      0.47      0.32        15
   label_400       0.12      0.32      0.17        22
   label_401       0.13      0.18      0.15        28
   label_402       0.22      0.47      0.30        15
   label_403       0.40      0.50      0.44        28
   label_404       0.04      0.04      0.04        28
   label_405       0.54      0.70      0.61        10
   label_406       0.68      0.81      0.74        16
   label_407       0.25      0.17      0.21        23
   label_408       0.17      0.24      0.20        29
   label_409       0.23      0.14      0.17        22
   label_410       0.36      0.72      0.48        18
   label_411       0.44      0.61      0.51        18
   label_412       0.18      0.43      0.25        30
   label_413       0.18      0.43      0.25        30
   label_414       0.04      0.12      0.06         8
   label_415       0.10      0.11      0.10        19
   label_416       0.25      0.29      0.27         7
   label_417       0.14      0.22      0.17        23
   label_418       0.20      0.27      0.23        11
   label_419       0.44      0.58      0.50        19
   label_420       0.20      0.14      0.17         7
   label_421       0.27      0.59      0.37        22
   label_422       0.55      0.67      0.60         9
   label_423       0.12      0.38      0.18         8
   label_424       0.12      0.14      0.13        14
   label_425       0.28      0.56      0.37         9
   label_426       0.24      0.53      0.33        15
   label_427       0.45      0.56      0.50         9
   label_428       0.19      0.27      0.22        11
   label_429       0.13      0.25      0.17        20
   label_430       0.00      0.00      0.00         2
   label_431       0.12      0.43      0.19         7
   label_432       0.39      0.55      0.45        22
   label_433       0.33      0.69      0.45        16
   label_434       0.21      0.31      0.25        16
   label_435       0.18      0.45      0.26        11
   label_436       0.07      0.08      0.07        13
   label_437       0.08      0.24      0.12        17
   label_438       0.17      0.14      0.15         7
   label_439       0.14      0.14      0.14        21
   label_440       0.27      0.38      0.32         8
   label_441       0.32      0.55      0.41        20
   label_442       0.57      0.67      0.62        12
   label_443       0.30      0.61      0.40        18
   label_444       0.20      0.55      0.29        11
   label_445       0.15      0.25      0.19        20
   label_446       0.16      0.45      0.23        11
   label_447       0.07      0.20      0.10        10
   label_448       0.25      0.28      0.26        18
   label_449       0.14      0.23      0.17        26
   label_450       0.36      0.47      0.41        17
   label_451       0.11      0.17      0.13         6
   label_452       0.13      0.12      0.12        17
   label_453       0.22      0.24      0.23        21
   label_454       0.14      0.45      0.21        11
   label_455       0.31      0.25      0.28        20
   label_456       0.22      0.44      0.29        16
   label_457       0.35      0.91      0.50        34
   label_458       0.33      0.43      0.38        14
   label_459       0.38      0.75      0.50        16
   label_460       0.14      0.31      0.19        16
   label_461       0.20      0.57      0.30        14
   label_462       0.35      0.29      0.32        21
   label_463       0.05      0.10      0.07        10
   label_464       0.21      0.36      0.26        14
   label_465       0.15      0.45      0.22        11
   label_466       0.08      0.16      0.11        25
   label_467       0.21      0.62      0.31        26
   label_468       0.55      0.55      0.55        11
   label_469       0.11      0.33      0.17         6
   label_470       0.26      0.41      0.32        22
   label_471       0.26      0.44      0.33        18
   label_472       0.09      0.12      0.10        17
   label_473       0.17      0.41      0.25        17
   label_474       0.15      0.12      0.13        17
   label_475       0.20      0.18      0.19        22
   label_476       0.14      0.17      0.15         6
   label_477       0.26      0.71      0.38         7
   label_478       0.07      0.20      0.11        15
   label_479       0.73      0.89      0.80         9
   label_480       0.18      0.30      0.22        10
   label_481       0.73      0.89      0.80         9
   label_482       0.27      0.86      0.41         7
   label_483       0.22      0.44      0.29        18
   label_484       0.17      0.33      0.22         6
   label_485       0.30      0.29      0.29        21
   label_486       0.25      0.20      0.22        10
   label_487       0.44      0.40      0.42        10
   label_488       0.08      0.12      0.10        16
   label_489       0.33      0.23      0.27        13
   label_490       0.41      0.64      0.50        14
   label_491       0.20      0.11      0.14        18
   label_492       0.23      0.39      0.29        18
   label_493       0.09      0.21      0.13        14
   label_494       0.27      0.33      0.30         9
   label_495       0.29      0.36      0.32        11
   label_496       0.07      0.09      0.08        23
   label_497       0.50      0.67      0.57         9
   label_498       0.08      0.25      0.12         4
   label_499       0.12      0.25      0.16         8

   micro avg       0.42      0.65      0.51     31417
   macro avg       0.28      0.45      0.34     31417
weighted avg       0.47      0.65      0.54     31417
 samples avg       0.53      0.80      0.55     31417

=== worst 30 by F1 ===
    label  training_support  true_support  predicted_positive  predicted_to_true_ratio  tp  fp  fn  precision   recall       f1  average_precision
label_430              1550             2                   8                 4.000000   0   8   2   0.000000 0.000000 0.000000           0.014394
label_361              1920            11                  18                 1.636364   0  18  11   0.000000 0.000000 0.000000           0.025288
label_298              2288             7                  15                 2.142857   0  15   7   0.000000 0.000000 0.000000           0.023423
label_281              2377            15                  41                 2.733333   1  40  14   0.024390 0.066667 0.035714           0.054449
label_404              1691            28                  25                 0.892857   1  24  27   0.040000 0.035714 0.037736           0.062435
label_339              2015            13                  40                 3.076923   1  39  12   0.025000 0.076923 0.037736           0.059101
label_346              1978            12                  36                 3.000000   1  35  11   0.027778 0.083333 0.041667           0.073893
label_391              1779            18                  25                 1.388889   1  24  17   0.040000 0.055556 0.046512           0.035026
label_322              2181            19                  24                 1.263158   1  23  18   0.041667 0.052632 0.046512           0.088851
label_378              1828            11                  28                 2.545455   1  27  10   0.035714 0.090909 0.051282           0.056296
label_414              1652             8                  28                 3.500000   1  27   7   0.035714 0.125000 0.055556           0.048832
label_463              1388            10                  20                 2.000000   1  19   9   0.050000 0.100000 0.066667           0.033304
label_350              1956            11                  48                 4.363636   2  46   9   0.041667 0.181818 0.067797           0.066963
label_390              1747             7                  48                 6.857143   2  46   5   0.041667 0.285714 0.072727           0.055761
label_436              1511            13                  14                 1.076923   1  13  12   0.071429 0.076923 0.074074           0.054593
label_316              2237            22                  31                 1.409091   2  29  20   0.064516 0.090909 0.075472           0.061651
label_496              1282            23                  27                 1.173913   2  25  21   0.074074 0.086957 0.080000           0.063481
label_305              2269            31                  42                 1.354839   3  39  28   0.071429 0.096774 0.082192           0.080936
label_279              2423            12                  58                 4.833333   3  55   9   0.051724 0.250000 0.085714           0.054457
label_397              1719             7                  39                 5.571429   2  37   5   0.051282 0.285714 0.086957           0.040963
label_226              2988            24                  43                 1.791667   3  40  21   0.069767 0.125000 0.089552           0.080785
label_376              1850            10                  31                 3.100000   2  29   8   0.064516 0.200000 0.097561           0.162622
label_265              2526             7                  34                 4.857143   2  32   5   0.058824 0.285714 0.097561           0.096298
label_488              1297            16                  24                 1.500000   2  22  14   0.083333 0.125000 0.100000           0.080412
label_415              1691            19                  21                 1.105263   2  19  17   0.095238 0.105263 0.100000           0.150876
label_238              2850            10                  30                 3.000000   2  28   8   0.066667 0.200000 0.100000           0.056276
label_472              1389            17                  22                 1.294118   2  20  15   0.090909 0.117647 0.102564           0.093697
label_447              1460            10                  29                 2.900000   2  27   8   0.068966 0.200000 0.102564           0.100702
label_329              2119            26                  32                 1.230769   3  29  23   0.093750 0.115385 0.103448           0.092098
label_273              2511            15                  43                 2.866667   3  40  12   0.069767 0.200000 0.103448           0.095506
=== support histogram ===
validation_support <= 1: 0 labels
validation_support <= 2: 1 labels
validation_support <= 5: 7 labels
validation_support <= 10: 70 labels
validation_support <= 20: 179 labels
validation_support <= 50: 353 labels
validation_support <= 100: 438 labels
crossfit_macro_f1 0.3385517949962983 true_rate 0.05916572504708098 pred_rate 0.09145386064030132
report artifacts\metrics\EXP-20260930-120-f1-diagnostics-crossfit42-classification-report.txt
confusion artifacts\metrics\EXP-20260930-120-f1-diagnostics-crossfit42-confusion-matrices.csv
